12
2
2
18 3 4 3 0 -1
18 4 4 1 0 3
haar_y3
-2.821099e-02 0 1
3
4 1 20 4 0 -1
4 1 10 2 0 2
14 3 10 2 0 2
haar_x2_y2
1.016266e-01 -1 -2
6.460176e-01 -2.111459e-01 5.789438e-01 
2
2
18 7 4 1 0 -1
19 7 2 1 0 2
haar_x4
-5.554771e-03 0 1
3
13 8 2 2 0 -1
13 8 1 1 0 2
14 9 1 1 0 2
haar_x2_y2
-4.861914e-03 -1 -2
5.562949e-01 5.702119e-01 -2.280999e-01 
2
3
5 6 6 2 0 -1
5 6 3 1 0 2
8 7 3 1 0 2
haar_x2_y2
1.919029e-02 1 0
2
22 2 3 8 0 -1
23 2 1 8 0 3
haar_x3
1.551795e-02 -1 -2
6.805074e-01 -2.827793e-01 3.977128e-01 
2
2
7 2 4 8 0 -1
9 2 2 8 0 2
haar_x2
3.734517e-02 1 0
2
10 2 4 3 0 -1
11 3 2 3 0 2
tilted_haar_x4
-2.340377e-02 -1 -2
-6.776459e-01 -6.159655e-01 2.322074e-01 
2
2
0 2 15 8 0 -1
0 6 15 4 0 2
haar_y2
-3.018221e-01 0 1
2
1 4 23 4 0 -1
1 6 23 2 0 2
haar_y2
1.235237e-01 -1 -2
-6.972961e-01 2.444838e-01 -7.822649e-01 
2
3
14 3 2 2 0 -1
14 3 1 1 0 2
15 4 1 1 0 2
haar_x2_y2
4.974871e-03 1 0
2
4 6 16 1 0 -1
8 6 8 1 0 2
haar_x4
3.605904e-02 -1 -2
6.054525e-01 -2.750905e-01 6.810092e-01 
2
2
17 9 6 1 0 -1
19 9 2 1 0 3
haar_x3
2.179338e-03 0 1
3
8 5 14 4 0 -1
8 5 7 2 0 2
15 7 7 2 0 2
haar_x2_y2
7.844490e-02 -1 -2
2.716657e-01 -5.683243e-01 5.809469e-01 
2
2
8 3 7 4 0 -1
8 5 7 2 0 2
haar_y2
-4.946556e-02 0 1
2
5 5 1 3 0 -1
5 6 1 1 0 3
haar_y3
-1.187495e-02 -1 -2
4.004487e-01 8.660077e-01 -3.400553e-01 
2
3
17 7 4 2 0 -1
17 7 2 1 0 2
19 8 2 1 0 2
haar_x2_y2
8.697804e-03 1 0
2
5 4 1 3 0 -1
5 5 1 1 0 3
haar_y3
-1.346674e-02 -1 -2
5.758974e-01 7.744657e-01 -2.158954e-01 
2
2
15 8 3 1 0 -1
16 8 1 1 0 3
haar_x3
3.823030e-03 1 0
2
4 0 1 4 0 -1
4 2 1 2 0 2
haar_y2
-1.093538e-02 -1 -2
5.611708e-01 5.990888e-01 -2.507568e-01 
2
2
10 6 6 3 0 -1
12 6 2 3 0 3
haar_x3
2.406214e-02 1 0
2
11 6 4 2 0 -1
12 6 2 2 0 2
haar_x4
-1.068589e-02 -1 -2
-7.708429e-01 -7.371740e-01 2.189259e-01 
2
3
10 4 2 2 0 -1
10 4 1 1 0 2
11 5 1 1 0 2
haar_x2_y2
6.914121e-03 1 0
3
17 5 2 4 0 -1
17 5 1 2 0 2
18 7 1 2 0 2
haar_x2_y2
-8.043021e-03 -1 -2
6.363719e-01 6.832988e-01 -2.986931e-01 
-1.135233e+00

6
-1
