3
2
2
11 6 4 4 0 -1
11 7 4 2 0 2
haar_y4
-1.340562e-02 0 1
3
3 5 14 2 0 -1
3 5 7 1 0 2
10 6 7 1 0 2
haar_x2_y2
-2.211019e-02 -1 -2
5.921966e-01 4.535903e-01 -6.521779e-01 
2
3
17 4 2 2 0 -1
17 4 1 1 0 2
18 5 1 1 0 2
haar_x2_y2
1.984892e-03 1 0
3
6 6 2 2 0 -1
6 6 1 1 0 2
7 7 1 1 0 2
haar_x2_y2
-3.284847e-03 -1 -2
6.896293e-01 7.321028e-01 -4.764000e-01 
2
3
6 6 2 2 0 -1
6 6 1 1 0 2
7 7 1 1 0 2
haar_x2_y2
3.192734e-03 1 0
3
16 7 2 2 0 -1
16 7 1 1 0 2
17 8 1 1 0 2
haar_x2_y2
-2.601095e-03 -1 -2
7.153696e-01 6.904885e-01 -4.479477e-01 
-4.707575e-01

-1
-1
