13
2
2
6 5 8 4 0 -1
8 5 4 4 0 2
haar_x4
-4.808421e-02 0 1
3
13 8 4 2 0 -1
13 8 2 1 0 2
15 9 2 1 0 2
haar_x2_y2
-1.028331e-02 -1 -2
-8.422710e-01 5.706800e-01 -5.789681e-02 
2
2
22 5 3 5 0 -1
23 5 1 5 0 3
haar_x3
1.456365e-02 1 0
2
16 5 3 1 0 -1
17 5 1 1 0 3
haar_x3
-6.636345e-03 -1 -2
5.310737e-01 5.247149e-01 -2.289574e-01 
2
3
7 7 2 2 0 -1
7 7 1 1 0 2
8 8 1 1 0 2
haar_x2_y2
7.093382e-03 1 0
3
5 2 10 2 0 -1
5 2 5 1 0 2
10 3 5 1 0 2
haar_x2_y2
2.214669e-02 -1 -2
7.392164e-01 -2.429261e-01 4.254680e-01 
2
2
19 6 6 1 0 -1
22 6 3 1 0 2
haar_x2
5.878494e-03 1 0
2
18 5 3 3 0 -1
19 6 1 1 0 9
haar_point
4.744283e-02 -1 -2
3.500536e-01 -3.029375e-01 7.167832e-01 
2
2
11 5 4 2 0 -1
11 6 4 1 0 2
haar_y2
-4.425861e-03 0 1
2
10 3 6 6 0 -1
10 5 6 2 0 3
haar_y3
9.162827e-02 -1 -2
2.009798e-01 -5.855837e-01 4.145769e-01 
2
3
7 6 4 2 0 -1
7 6 2 1 0 2
9 7 2 1 0 2
haar_x2_y2
2.851192e-03 1 0
3
13 2 6 4 0 -1
13 2 3 2 0 2
16 4 3 2 0 2
haar_x2_y2
1.961788e-02 -1 -2
3.872833e-01 -3.220710e-01 4.293371e-01 
2
2
5 3 1 3 0 -1
5 4 1 1 0 3
haar_y3
5.915529e-03 1 0
3
22 5 2 2 0 -1
22 5 1 1 0 2
23 6 1 1 0 2
haar_x2_y2
-6.313597e-03 -1 -2
4.575481e-01 5.267578e-01 -2.955455e-01 
2
2
4 2 17 3 0 -1
4 3 17 1 0 3
haar_y3
1.348235e-02 1 0
2
5 5 3 1 0 -1
6 5 1 1 0 3
haar_x3
7.682254e-03 -1 -2
2.821218e-01 -3.215905e-01 6.118773e-01 
2
3
8 5 16 4 0 -1
8 5 8 2 0 2
16 7 8 2 0 2
haar_x2_y2
1.285730e-02 1 0
2
4 4 9 6 0 -1
7 4 3 6 0 3
haar_x3
2.233751e-02 -1 -2
2.521197e-01 5.523501e-02 -8.044277e-01 
2
2
13 6 1 2 0 -1
13 7 1 1 0 2
haar_y2
-2.339191e-04 0 1
2
9 4 5 4 0 -1
9 5 5 2 0 2
haar_y4
-3.427694e-02 -1 -2
9.479485e-02 6.074892e-01 -7.141486e-01 
2
2
2 4 2 5 0 -1
3 4 1 5 0 2
haar_x2
-3.573902e-03 0 1
2
16 3 8 3 0 -1
18 3 4 3 0 2
haar_x4
-8.645022e-03 -1 -2
3.655475e-01 2.373235e-01 -5.173683e-01 
2
3
13 3 2 2 0 -1
13 3 1 1 0 2
14 4 1 1 0 2
haar_x2_y2
2.745823e-03 1 0
3
5 1 12 4 0 -1
5 1 6 2 0 2
11 3 6 2 0 2
haar_x2_y2
6.752829e-02 -1 -2
5.241654e-01 -2.503031e-01 6.003106e-01 
2
2
6 1 18 3 0 -1
12 1 6 3 0 3
haar_x3
3.854749e-02 1 0
3
10 0 14 2 0 -1
10 0 7 1 0 2
17 1 7 1 0 2
haar_x2_y2
2.767260e-02 -1 -2
3.172293e-01 -3.665302e-01 4.755361e-01 
-1.094078e+00

5
-1
