10
2
3
12 7 6 2 0 -1
12 7 3 1 0 2
15 8 3 1 0 2
haar_x2_y2
2.178969e-02 1 0
3
6 5 2 4 0 -1
6 5 1 2 0 2
7 7 1 2 0 2
haar_x2_y2
1.049726e-02 -1 -2
9.999929e-01 -2.032131e-01 8.888844e-01 
2
2
18 4 3 3 0 -1
19 5 1 1 0 9
haar_point
2.359218e-02 1 0
2
6 4 5 4 0 -1
6 5 5 2 0 2
haar_y4
-1.580609e-02 -1 -2
6.293954e-01 3.973358e-01 -3.248324e-01 
2
2
8 6 1 3 0 -1
8 7 1 1 0 3
haar_y3
-1.350292e-02 0 1
2
5 6 7 3 0 -1
5 7 7 1 0 3
haar_y3
8.911403e-03 -1 -2
9.042102e-01 -3.492118e-01 3.520763e-01 
2
2
6 2 3 7 0 -1
7 2 1 7 0 3
haar_x3
-1.939951e-03 1 0
2
9 5 6 4 0 -1
11 5 2 4 0 3
haar_x3
-3.054489e-02 -1 -2
-3.472551e-01 -8.945304e-01 5.513665e-01 
2
2
17 4 3 1 0 -1
18 5 1 1 0 3
tilted_haar_x3
-6.282895e-03 0 1
2
4 7 2 3 0 -1
5 7 1 3 0 2
haar_x2
-4.668243e-03 -1 -2
4.818197e-01 7.832357e-01 -4.064421e-01 
2
2
21 7 3 1 0 -1
22 7 1 1 0 3
haar_x3
-2.305802e-03 0 1
2
17 5 1 4 0 -1
16 6 1 2 0 2
tilted_haar_y4
-8.621072e-03 -1 -2
6.512368e-01 2.964790e-01 -5.066302e-01 
2
2
22 2 3 4 0 -1
23 2 1 4 0 3
haar_x3
9.443498e-03 1 0
2
14 6 2 2 0 -1
14 6 2 1 0 2
tilted_haar_y2
1.008195e-02 -1 -2
6.901848e-01 -2.509997e-01 9.021098e-01 
2
3
3 8 20 2 0 -1
3 8 10 1 0 2
13 9 10 1 0 2
haar_x2_y2
4.455164e-03 1 0
3
15 8 10 2 0 -1
15 8 5 1 0 2
20 9 5 1 0 2
haar_x2_y2
3.524632e-03 -1 -2
4.766898e-01 -6.101573e-01 3.342367e-01 
2
2
10 5 7 2 0 -1
10 6 7 1 0 2
haar_y2
-1.314325e-04 1 0
2
1 4 15 5 0 -1
6 4 5 5 0 3
haar_x3
9.084526e-02 -1 -2
-7.444978e-01 3.832794e-01 -7.007743e-01 
2
2
12 1 4 4 0 -1
12 1 4 2 0 2
tilted_haar_y2
-2.780524e-04 0 1
3
9 1 2 6 0 -1
9 1 1 3 0 2
10 4 1 3 0 2
haar_x2_y2
-3.096393e-03 -1 -2
5.820877e-01 4.240074e-01 -5.800723e-01 
-1.153443e+00

8
-1
