9
2
2
17 6 2 2 0 -1
18 6 1 2 0 2
haar_x2
4.013075e-03 1 0
3
17 7 2 2 0 -1
17 7 1 1 0 2
18 8 1 1 0 2
haar_x2_y2
5.160883e-03 -1 -2
4.027123e-01 -3.513536e-01 5.555519e-01 
2
3
15 6 4 2 0 -1
15 6 2 1 0 2
17 7 2 1 0 2
haar_x2_y2
9.365754e-03 1 0
3
16 3 4 2 0 -1
16 3 2 1 0 2
18 4 2 1 0 2
haar_x2_y2
1.083700e-02 -1 -2
4.695276e-01 -2.896254e-01 6.648327e-01 
2
3
3 4 2 2 0 -1
3 4 1 1 0 2
4 5 1 1 0 2
haar_x2_y2
-4.585438e-03 0 1
3
4 7 2 2 0 -1
4 7 1 1 0 2
5 8 1 1 0 2
haar_x2_y2
-3.325508e-03 -1 -2
6.422382e-01 4.377165e-01 -3.149886e-01 
2
2
11 4 4 1 0 -1
11 4 2 1 0 2
tilted_haar_x2
-9.651812e-03 0 1
2
0 3 24 7 0 -1
12 3 12 7 0 2
haar_x2
-2.407347e-01 -1 -2
-6.909593e-01 -6.806197e-01 2.447017e-01 
2
3
22 5 2 2 0 -1
22 5 1 1 0 2
23 6 1 1 0 2
haar_x2_y2
-1.639268e-03 0 1
2
12 7 12 3 0 -1
15 7 6 3 0 2
haar_x4
-2.090222e-02 -1 -2
4.040097e-01 2.680105e-01 -4.380026e-01 
2
3
14 3 6 2 0 -1
14 3 3 1 0 2
17 4 3 1 0 2
haar_x2_y2
-1.989771e-02 0 1
3
5 6 2 2 0 -1
5 6 1 1 0 2
6 7 1 1 0 2
haar_x2_y2
2.035230e-03 -1 -2
8.542769e-01 -3.354149e-01 3.233613e-01 
2
2
8 1 8 8 0 -1
10 1 4 8 0 2
haar_x4
3.136043e-02 1 0
2
12 5 8 5 0 -1
14 5 4 5 0 2
haar_x4
3.883090e-02 -1 -2
-6.299862e-01 2.617860e-01 -7.211930e-01 
2
3
1 2 6 2 0 -1
1 2 3 1 0 2
4 3 3 1 0 2
haar_x2_y2
-1.183501e-02 0 1
2
8 7 3 3 0 -1
8 8 3 1 0 3
haar_y3
-2.791474e-02 -1 -2
5.366844e-01 5.206398e-01 -3.562012e-01 
2
2
2 6 18 1 0 -1
8 6 6 1 0 3
haar_x3
-4.614299e-02 0 1
2
11 3 3 2 0 -1
12 3 1 2 0 3
haar_x3
8.307992e-03 -1 -2
5.374343e-01 -2.808746e-01 6.533030e-01 
-1.063502e+00

3
-1
