6
2
2
2 1 4 6 0 -1
2 3 4 2 0 3
haar_y3
-5.643174e-02 0 1
2
4 4 5 3 0 -1
4 5 5 1 0 3
haar_y3
-2.748805e-02 -1 -2
1.000000e+00 1.000000e+00 -3.029330e-01 
2
2
4 0 4 4 0 -1
3 1 4 2 0 2
tilted_haar_y4
2.223520e-03 1 0
2
10 6 12 2 0 -1
14 6 4 2 0 3
haar_x3
-3.850406e-02 -1 -2
5.610717e-01 1.000000e+00 -3.800352e-01 
2
3
4 4 16 4 0 -1
4 4 8 2 0 2
12 6 8 2 0 2
haar_x2_y2
4.062218e-02 1 0
2
22 9 3 1 0 -1
23 9 1 1 0 3
haar_x3
3.068958e-03 -1 -2
9.086277e-01 -3.712561e-01 7.168279e-01 
2
2
3 2 5 3 0 -1
2 3 5 1 0 3
tilted_haar_y3
1.484071e-02 1 0
2
15 3 3 2 0 -1
16 3 1 2 0 3
haar_x3
5.757202e-03 -1 -2
7.546336e-01 -4.262156e-01 8.815807e-01 
2
2
6 4 12 6 0 -1
6 7 12 3 0 2
haar_y2
-1.781659e-02 0 1
2
11 5 6 3 0 -1
13 6 2 1 0 9
haar_point
-1.468021e-02 -1 -2
5.606856e-01 5.438036e-01 -7.681986e-01 
2
2
12 2 3 3 0 -1
13 3 1 1 0 9
haar_point
-1.031678e-02 0 1
2
3 2 21 3 0 -1
10 3 7 1 0 9
haar_point
9.781389e-03 -1 -2
7.433208e-01 -8.993810e-01 6.217064e-02 
-9.065841e-01

9
-1
