10
2
3
8 5 8 4 0 -1
8 5 4 2 0 2
12 7 4 2 0 2
haar_x2_y2
-5.056117e-02 0 1
3
9 3 4 2 0 -1
9 3 2 1 0 2
11 4 2 1 0 2
haar_x2_y2
-9.376813e-03 -1 -2
7.491745e-01 5.574960e-01 -3.091995e-01 
2
3
6 6 16 2 0 -1
6 6 8 1 0 2
14 7 8 1 0 2
haar_x2_y2
3.192227e-02 1 0
2
0 3 3 5 0 -1
1 3 1 5 0 3
haar_x3
7.153795e-03 -1 -2
6.432183e-01 -3.515332e-01 4.033509e-01 
2
2
6 5 1 3 0 -1
6 6 1 1 0 3
haar_y3
-1.167162e-02 0 1
3
9 7 8 2 0 -1
9 7 4 1 0 2
13 8 4 1 0 2
haar_x2_y2
2.559922e-02 -1 -2
7.342945e-01 -3.085265e-01 5.853803e-01 
2
2
11 3 12 6 0 -1
14 3 6 6 0 2
haar_x4
-8.852018e-02 0 1
2
18 0 4 6 0 -1
18 0 2 6 0 2
tilted_haar_x2
-6.140214e-02 -1 -2
-9.446545e-01 -7.117445e-01 2.586952e-01 
2
3
21 3 2 2 0 -1
21 3 1 1 0 2
22 4 1 1 0 2
haar_x2_y2
3.987197e-03 1 0
2
4 2 1 3 0 -1
4 3 1 1 0 3
haar_y3
-6.986712e-03 -1 -2
6.734742e-01 4.781002e-01 -3.260995e-01 
2
3
3 3 8 4 0 -1
3 3 4 2 0 2
7 5 4 2 0 2
haar_x2_y2
-4.377661e-02 0 1
3
6 5 2 2 0 -1
6 5 1 1 0 2
7 6 1 1 0 2
haar_x2_y2
-4.342607e-03 -1 -2
6.666927e-01 5.579150e-01 -2.984574e-01 
2
2
18 7 6 3 0 -1
21 7 3 3 0 2
haar_x2
1.441338e-02 1 0
2
17 5 3 3 0 -1
18 6 1 1 0 9
haar_point
-3.970832e-02 -1 -2
4.035085e-01 7.658627e-01 -3.364426e-01 
2
2
0 5 24 1 0 -1
8 5 8 1 0 3
haar_x3
5.635396e-02 1 0
3
8 2 16 4 0 -1
8 2 8 2 0 2
16 4 8 2 0 2
haar_x2_y2
6.756644e-02 -1 -2
5.572593e-01 -3.551480e-01 5.600268e-01 
2
2
5 3 1 3 0 -1
5 4 1 1 0 3
haar_y3
-1.212997e-02 0 1
3
5 5 2 2 0 -1
5 5 1 1 0 2
6 6 1 1 0 2
haar_x2_y2
-4.913324e-03 -1 -2
7.619836e-01 6.366038e-01 -2.148962e-01 
2
2
8 4 7 6 0 -1
8 6 7 2 0 3
haar_y3
-8.363152e-02 0 1
3
13 7 6 2 0 -1
13 7 3 1 0 2
16 8 3 1 0 2
haar_x2_y2
1.424113e-02 -1 -2
4.817550e-01 -3.628407e-01 5.558864e-01 
-1.004969e+00

2
-1
