9
2
2
13 7 12 1 0 -1
19 7 6 1 0 2
haar_x2
1.425625e-02 1 0
2
11 4 2 4 0 -1
11 5 2 2 0 2
haar_y4
1.168678e-02 -1 -2
2.662835e-01 -5.307936e-01 2.970723e-01 
2
3
3 5 4 2 0 -1
3 5 2 1 0 2
5 6 2 1 0 2
haar_x2_y2
-1.631093e-02 0 1
3
7 7 14 2 0 -1
7 7 7 1 0 2
14 8 7 1 0 2
haar_x2_y2
2.148772e-02 -1 -2
7.382419e-01 -2.642717e-01 4.199040e-01 
2
2
5 6 2 3 0 -1
5 7 2 1 0 3
haar_y3
-1.570838e-02 0 1
2
10 0 9 10 0 -1
13 0 3 10 0 3
haar_x3
-6.268400e-02 -1 -2
6.595032e-01 -6.338969e-01 2.551701e-02 
2
3
18 6 2 2 0 -1
18 6 1 1 0 2
19 7 1 1 0 2
haar_x2_y2
-2.062738e-03 0 1
3
8 1 16 2 0 -1
8 1 8 1 0 2
16 2 8 1 0 2
haar_x2_y2
2.488853e-02 -1 -2
3.998094e-01 -3.556336e-01 4.022596e-01 
2
2
9 6 14 2 0 -1
16 6 7 2 0 2
haar_x2
2.250898e-02 1 0
2
8 1 4 6 0 -1
8 4 4 3 0 2
haar_y2
9.773055e-03 -1 -2
3.122033e-01 -7.103018e-01 1.150118e-01 
2
2
4 0 2 4 0 -1
4 1 2 2 0 2
haar_y4
9.631792e-03 1 0
2
11 2 3 3 0 -1
11 3 3 1 0 3
haar_y3
1.032787e-02 -1 -2
4.283498e-01 -4.182900e-01 3.062347e-01 
2
2
6 2 12 8 0 -1
9 2 6 8 0 2
haar_x4
7.654515e-02 1 0
3
3 6 6 2 0 -1
3 6 3 1 0 2
6 7 3 1 0 2
haar_x2_y2
9.449443e-03 -1 -2
-7.067012e-01 -7.809478e-02 5.116870e-01 
2
3
9 2 8 2 0 -1
9 2 4 1 0 2
13 3 4 1 0 2
haar_x2_y2
-1.778041e-02 0 1
2
7 7 3 3 0 -1
8 7 1 3 0 3
haar_x3
9.844067e-03 -1 -2
5.728451e-01 -2.645793e-01 5.139539e-01 
2
2
15 0 4 10 0 -1
17 0 2 10 0 2
haar_x2
-4.645457e-02 0 1
2
8 5 8 3 0 -1
10 5 4 3 0 2
haar_x4
-2.843050e-02 -1 -2
-8.981332e-01 -7.267649e-01 1.843904e-01 
-9.308047e-01

4
-1
