6
2
2
12 4 1 3 0 -1
12 5 1 1 0 3
haar_y3
7.866981e-03 1 0
2
10 4 7 6 0 -1
10 6 7 2 0 3
haar_y3
-7.080991e-02 -1 -2
7.269838e-01 3.999995e-01 -5.425510e-01 
2
2
4 2 2 3 0 -1
4 3 2 1 0 3
haar_y3
-8.249985e-03 0 1
2
11 7 1 3 0 -1
11 8 1 1 0 3
haar_y3
-7.526109e-03 -1 -2
6.034538e-01 4.834876e-01 -4.081030e-01 
2
3
16 7 6 2 0 -1
16 7 3 1 0 2
19 8 3 1 0 2
haar_x2_y2
-1.743102e-02 0 1
2
6 5 1 3 0 -1
6 6 1 1 0 3
haar_y3
-9.903621e-03 -1 -2
7.988535e-01 8.172911e-01 -3.281911e-01 
2
2
2 1 15 9 0 -1
7 1 5 9 0 3
haar_x3
1.512678e-01 1 0
3
11 2 4 2 0 -1
11 2 2 1 0 2
13 3 2 1 0 2
haar_x2_y2
-4.398035e-03 -1 -2
-8.066354e-01 6.743719e-01 -4.236877e-02 
2
2
21 0 1 3 0 -1
21 1 1 1 0 3
haar_y3
-7.100490e-03 0 1
3
18 7 2 2 0 -1
18 7 1 1 0 2
19 8 1 1 0 2
haar_x2_y2
6.378309e-03 -1 -2
7.548152e-01 -2.764387e-01 8.290683e-01 
2
3
15 4 4 4 0 -1
15 4 2 2 0 2
17 6 2 2 0 2
haar_x2_y2
9.349137e-03 0 1
2
18 2 4 4 0 -1
20 2 2 4 0 2
haar_x2
2.532485e-02 -1 -2
-2.414049e-01 6.217954e-01 -7.631155e-01 
-1.122317e+00

0
-1
