4
2
2
0 3 3 1 0 -1
1 3 1 1 0 3
haar_x3
4.073724e-05 1 0
2
0 7 2 3 0 -1
1 7 1 3 0 2
haar_x2
2.453270e-04 -1 -2
7.606032e-01 -6.390460e-01 9.999898e-01 
2
3
10 5 6 4 0 -1
10 5 3 2 0 2
13 7 3 2 0 2
haar_x2_y2
-4.041129e-05 0 1
2
13 0 12 5 0 -1
19 0 6 5 0 2
haar_x2
9.992665e-03 -1 -2
8.363394e-01 -7.157061e-01 9.999503e-01 
2
2
14 4 1 3 0 -1
13 5 1 1 0 3
tilted_haar_y3
2.176243e-03 1 0
2
10 0 6 9 0 -1
12 3 2 3 0 9
haar_point
2.729421e-01 -1 -2
8.467033e-01 3.645662e-01 -9.606061e-01 
2
2
8 4 4 2 0 -1
8 4 2 2 0 2
tilted_haar_x2
8.905247e-03 1 0
2
9 0 3 3 0 -1
8 1 3 1 0 3
tilted_haar_y3
-1.188848e-03 -1 -2
6.750759e-01 1.000000e+00 -8.194733e-01 
-4.100099e-01

10
-1
