11
2
3
2 5 2 2 0 -1
2 5 1 1 0 2
3 6 1 1 0 2
haar_x2_y2
3.056632e-03 1 0
3
3 6 4 2 0 -1
3 6 2 1 0 2
5 7 2 1 0 2
haar_x2_y2
-1.206020e-02 -1 -2
5.367429e-01 7.365271e-01 -2.608709e-01 
2
2
5 1 15 6 0 -1
10 3 5 2 0 9
haar_point
-1.699350e-01 0 1
2
6 6 3 3 0 -1
6 7 3 1 0 3
haar_y3
1.655304e-02 -1 -2
-5.915773e-01 -3.003464e-02 6.943000e-01 
2
3
6 4 2 6 0 -1
6 4 1 3 0 2
7 7 1 3 0 2
haar_x2_y2
-9.920750e-03 0 1
2
4 7 4 1 0 -1
5 7 2 1 0 2
haar_x4
-3.902199e-03 -1 -2
5.661095e-01 6.311595e-01 -2.701889e-01 
2
3
14 8 4 2 0 -1
14 8 2 1 0 2
16 9 2 1 0 2
haar_x2_y2
8.083980e-03 1 0
2
5 3 1 4 0 -1
5 4 1 2 0 2
haar_y4
3.908971e-03 -1 -2
7.397533e-01 -2.685025e-01 3.600158e-01 
2
2
2 2 3 4 0 -1
2 4 3 2 0 2
haar_y2
-2.831735e-02 0 1
2
11 1 1 3 0 -1
11 2 1 1 0 3
haar_y3
-5.143806e-03 -1 -2
7.109636e-01 4.411388e-01 -3.186847e-01 
2
2
1 0 6 1 0 -1
1 0 3 1 0 2
tilted_haar_x2
-8.452743e-03 0 1
3
5 3 14 6 0 -1
5 3 7 3 0 2
12 6 7 3 0 2
haar_x2_y2
-6.820668e-02 -1 -2
4.157892e-01 3.355258e-01 -4.779372e-01 
2
3
12 2 2 2 0 -1
12 2 1 1 0 2
13 3 1 1 0 2
haar_x2_y2
-2.193566e-03 0 1
3
6 5 4 2 0 -1
6 5 2 1 0 2
8 6 2 1 0 2
haar_x2_y2
6.347286e-03 -1 -2
4.864688e-01 -3.349106e-01 6.224585e-01 
2
3
7 4 6 2 0 -1
7 4 3 1 0 2
10 5 3 1 0 2
haar_x2_y2
2.839077e-02 1 0
2
15 7 4 1 0 -1
16 7 2 1 0 2
haar_x4
-6.152175e-03 -1 -2
9.483863e-01 5.848373e-01 -2.120743e-01 
2
2
8 2 6 8 0 -1
8 4 6 4 0 2
haar_y4
-4.636382e-02 0 1
2
6 6 4 4 0 -1
6 7 4 2 0 2
haar_y4
-1.622067e-02 -1 -2
4.233605e-01 2.936956e-01 -5.204654e-01 
2
2
3 5 14 2 0 -1
10 5 7 2 0 2
haar_x2
1.933831e-02 1 0
2
0 5 22 3 0 -1
11 5 11 3 0 2
haar_x2
-8.349325e-02 -1 -2
4.037339e-01 3.987946e-01 -4.430598e-01 
2
2
6 2 9 1 0 -1
9 2 3 1 0 3
haar_x3
-9.207573e-03 0 1
3
14 1 8 6 0 -1
14 1 4 3 0 2
18 4 4 3 0 2
haar_x2_y2
8.494467e-02 -1 -2
3.744311e-01 -3.944785e-01 9.585755e-01 
-1.245011e+00

7
-1
