8
2
2
12 3 1 3 0 -1
12 4 1 1 0 3
haar_y3
-1.027418e-02 0 1
3
3 5 10 2 0 -1
3 5 5 1 0 2
8 6 5 1 0 2
haar_x2_y2
-1.739001e-02 -1 -2
8.666665e-01 4.166658e-01 -3.770505e-01 
2
3
15 7 6 2 0 -1
15 7 3 1 0 2
18 8 3 1 0 2
haar_x2_y2
-1.560638e-02 0 1
3
5 6 6 2 0 -1
5 6 3 1 0 2
8 7 3 1 0 2
haar_x2_y2
-1.354237e-02 -1 -2
6.489624e-01 4.956104e-01 -3.345706e-01 
2
2
9 4 6 5 0 -1
12 4 3 5 0 2
haar_x2
4.355223e-02 1 0
2
6 0 18 10 0 -1
15 0 9 10 0 2
haar_x2
-1.800686e-01 -1 -2
-9.093879e-01 -6.793799e-01 2.612758e-01 
2
3
6 4 2 2 0 -1
6 4 1 1 0 2
7 5 1 1 0 2
haar_x2_y2
-5.407495e-03 0 1
3
15 6 4 2 0 -1
15 6 2 1 0 2
17 7 2 1 0 2
haar_x2_y2
1.340559e-02 -1 -2
7.026098e-01 -3.102096e-01 6.479440e-01 
2
2
6 6 1 3 0 -1
6 7 1 1 0 3
haar_y3
1.207872e-02 1 0
2
12 3 2 3 0 -1
12 4 2 1 0 3
haar_y3
-1.123211e-02 -1 -2
8.500099e-01 5.766287e-01 -2.425743e-01 
2
2
17 1 1 6 0 -1
15 3 1 2 0 3
tilted_haar_y3
-1.872893e-02 0 1
2
1 2 22 8 0 -1
12 2 11 8 0 2
haar_x2
3.534470e-01 -1 -2
-7.479985e-01 2.371467e-01 -8.132476e-01 
2
3
13 3 2 2 0 -1
13 3 1 1 0 2
14 4 1 1 0 2
haar_x2_y2
-4.480312e-03 0 1
2
11 2 1 3 0 -1
11 3 1 1 0 3
haar_y3
2.870829e-03 -1 -2
6.567217e-01 -4.090243e-01 2.827309e-01 
2
2
5 5 8 4 0 -1
7 5 4 4 0 2
haar_x4
3.133064e-02 1 0
2
2 1 9 5 0 -1
5 1 3 5 0 3
haar_x3
5.125899e-02 -1 -2
-8.562328e-01 3.146684e-01 -6.287134e-01 
-1.010004e+00

1
-1
